<?xml version="1.0"?>
<opencv_storage>
<calibration_time>"2018年10月15日 星期一 19时18分30秒"</calibration_time>
<nr_of_frames>16</nr_of_frames>
<image_width>1920</image_width>
<image_height>1080</image_height>
<board_width>9</board_width>
<board_height>6</board_height>
<square_size>26.</square_size>
<fix_aspect_ratio>1.</fix_aspect_ratio>
<!-- flags: +fix_aspectRatio +fix_principal_point +zero_tangent_dist +fix_k4 +fix_k5 -->
<flags>6158</flags>
<fisheye_model>0</fisheye_model>
<camera_matrix type_id="opencv-matrix">
  <rows>3</rows>
  <cols>3</cols>
  <dt>d</dt>
  <data>
    1.0760865706364120e+03 0. 960. 0. 1.0760865706364120e+03 540. 0. 0.
    1.</data></camera_matrix>
<distortion_coefficients type_id="opencv-matrix">
  <rows>5</rows>
  <cols>1</cols>
  <dt>d</dt>
  <data>
    4.9338489891974452e-02 -1.4468422286957966e-01 0. 0.
    1.0741092785059696e-01</data></distortion_coefficients>
<avg_reprojection_error>2.2834475476388301e+00</avg_reprojection_error>
<per_view_reprojection_errors type_id="opencv-matrix">
  <rows>16</rows>
  <cols>1</cols>
  <dt>f</dt>
  <data>
    2.00687385e+00 1.86999536e+00 2.29377604e+00 2.29800129e+00
    3.09042764e+00 2.00670910e+00 2.18977785e+00 1.73997903e+00
    3.14460397e+00 1.25897384e+00 2.97526550e+00 2.86188173e+00
    2.15866494e+00 1.62595212e+00 2.18214440e+00 1.83787143e+00</data></per_view_reprojection_errors>
<!-- a set of 6-tuples (rotation vector + translation vector) for each view -->
<extrinsic_parameters type_id="opencv-matrix">
  <rows>16</rows>
  <cols>6</cols>
  <dt>d</dt>
  <data>
    2.2662981676200986e-02 -1.1222679206688599e-01
    -3.1155459945812032e+00 1.4519011511476018e+02
    6.2316496859403273e+01 2.1059831332041225e+02
    -1.4095782182881425e-01 1.6025348225165043e-01
    3.1046666026837562e+00 7.4653851079839413e+01 5.2201839855681847e+01
    2.0580511148122653e+02 1.0113886520452575e-01
    -6.6408753879383398e-01 -3.0335893287118787e+00
    1.0896917761966665e+02 5.2058917059961047e+01 1.7356480640750669e+02
    3.7136640949581384e-02 4.6793156670258890e-01
    -3.1030576330969533e+00 1.0568924502576677e+02
    7.3895385240722007e+01 2.0848432962337554e+02 4.6702862760774250e-01
    1.7261735067919126e-01 3.0840171718979614e+00 1.0277984587807663e+02
    5.7758839433794009e+01 1.9097435630805174e+02
    -4.3784898253522275e-01 3.0008966614861582e-01
    3.0215774514484570e+00 7.9520008574917753e+01 4.6833361391239904e+01
    2.4160355106083153e+02 3.9033873832668847e-01
    -4.2271990859533531e-01 -3.0619226914802731e+00
    6.7083428984000520e+01 7.5380188594435964e+01 2.3832630636646758e+02
    -5.5238224917802980e-01 6.3403401347288821e-02
    2.8772122155078597e+00 7.0968023851151870e+01 2.2835928204671049e+01
    2.8831359197032202e+02 -5.5035663556009695e-01
    -1.6389855651207513e-02 -2.9676538714660485e+00
    1.2650476182575031e+02 6.2958352721540251e+01 2.0259084704646878e+02
    -1.8282326613412175e-01 -1.3542883787423302e-01
    3.0243469271219618e+00 1.4025131971980525e+02 5.0733460789399054e+01
    2.4947583253315884e+02 -4.9593137371597029e-01
    -3.6817910663954657e-02 -3.0183270972558884e+00
    1.2207685268867517e+02 7.1007991037104858e+01 2.1073379906515515e+02
    3.8998011723660064e-01 3.8654174509736516e-01 3.0223149552120345e+00
    1.2679507763015610e+02 5.1687822394100273e+01 2.0162595788223612e+02
    2.7034750426585719e-01 -4.3431984142015023e-01
    -2.9981706719000893e+00 8.8609304867509096e+01
    6.9812334407765960e+01 2.2793518045588698e+02
    -1.3918652844318880e-01 1.5249526459210550e-01
    2.8989827952258591e+00 1.2855466698447123e+02 3.4134237767167022e+01
    2.6159845441949790e+02 -2.5637748362940072e-02
    -6.8557210185864151e-02 -3.1244545103936239e+00
    1.2940333879412520e+02 6.4726149713515127e+01 1.8067524902390102e+02
    -1.1493091767372315e-01 -2.9466056795030210e-01
    -2.9237608749541053e+00 1.0279999176790243e+02
    8.0555270164393463e+01 2.4985388314178832e+02</data></extrinsic_parameters>
<image_points type_id="opencv-matrix">
  <rows>16</rows>
  <cols>54</cols>
  <dt>"2f"</dt>
  <data>
    1.70317102e+03 8.60639709e+02 1.57184351e+03 8.58707214e+02
    1.43953613e+03 8.55924011e+02 1.30588806e+03 8.53364197e+02
    1.17191382e+03 8.50106506e+02 1.03870972e+03 8.47502563e+02
    9.03645569e+02 8.45299072e+02 7.70368896e+02 8.43491455e+02
    6.33299133e+02 8.41896179e+02 1.69984656e+03 7.26025330e+02
    1.57025073e+03 7.23521301e+02 1.43869922e+03 7.20363831e+02
    1.30487488e+03 7.16790894e+02 1.17234363e+03 7.13503845e+02
    1.04078198e+03 7.10416809e+02 9.07832031e+02 7.08012939e+02
    7.76322693e+02 7.05655701e+02 6.40756165e+02 7.03895081e+02
    1.69641321e+03 5.92684143e+02 1.56705249e+03 5.89657776e+02
    1.43761365e+03 5.86312256e+02 1.30477979e+03 5.83082947e+02
    1.17350793e+03 5.79652100e+02 1.04352783e+03 5.76573242e+02
    9.11626038e+02 5.73703613e+02 7.81847839e+02 5.70522644e+02
    6.47943115e+02 5.67868347e+02 1.69418970e+03 4.61549255e+02
    1.56437805e+03 4.58494049e+02 1.43495679e+03 4.55552155e+02
    1.30431836e+03 4.52069977e+02 1.17468201e+03 4.48959320e+02
    1.04585327e+03 4.45665985e+02 9.15518433e+02 4.42399933e+02
    7.86686035e+02 4.38637268e+02 6.54338196e+02 4.35037048e+02
    1.68961621e+03 3.34040405e+02 1.56292151e+03 3.30299316e+02
    1.43484216e+03 3.26622070e+02 1.30493079e+03 3.24079865e+02
    1.17633020e+03 3.20569122e+02 1.04843408e+03 3.17548462e+02
    9.19021729e+02 3.13705719e+02 7.91353638e+02 3.09714996e+02
    6.60225647e+02 3.04763306e+02 1.68632959e+03 2.07914536e+02
    1.56051453e+03 2.04062485e+02 1.43392065e+03 2.00226334e+02
    1.30557593e+03 1.97147781e+02 1.17821313e+03 1.93841537e+02
    1.05109290e+03 1.90305634e+02 9.22333679e+02 1.86311096e+02
    7.95432617e+02 1.81431259e+02 6.65772583e+02 1.76423935e+02
    1.35079980e+03 8.14918701e+02 1.21663147e+03 8.21222107e+02
    1.08111426e+03 8.27312256e+02 9.41985840e+02 8.34760742e+02
    7.99655090e+02 8.42391541e+02 6.53897217e+02 8.50607239e+02
    5.02288147e+02 8.59332275e+02 3.51107269e+02 8.66974731e+02
    1.95764740e+02 8.74767761e+02 1.34101025e+03 6.76628357e+02
    1.20901257e+03 6.81405151e+02 1.07563416e+03 6.85833435e+02
    9.37934875e+02 6.91574646e+02 7.98180420e+02 6.97316040e+02
    6.54221436e+02 7.03645142e+02 5.04581390e+02 7.10554504e+02
    3.54814606e+02 7.16642395e+02 2.00936279e+02 7.22675049e+02
    1.33143323e+03 5.41642761e+02 1.20086682e+03 5.44932617e+02
    1.06978992e+03 5.48329651e+02 9.34195984e+02 5.51974670e+02
    7.96432922e+02 5.56176697e+02 6.54595764e+02 5.60136230e+02
    5.06899689e+02 5.64800354e+02 3.58634125e+02 5.69015930e+02
    2.06667572e+02 5.73260803e+02 1.32342517e+03 4.10002655e+02
    1.19357043e+03 4.12610291e+02 1.06390833e+03 4.15318878e+02
    9.30398499e+02 4.17428741e+02 7.94358337e+02 4.19400085e+02
    6.54216614e+02 4.21284058e+02 5.08697968e+02 4.23551147e+02
    3.62470276e+02 4.25478699e+02 2.12567581e+02 4.28256104e+02
    1.31482117e+03 2.82567230e+02 1.18763062e+03 2.83879456e+02
    1.05885242e+03 2.84617249e+02 9.26535217e+02 2.85908997e+02
    7.91936646e+02 2.86128204e+02 6.53783264e+02 2.86110870e+02
    5.10224792e+02 2.86043304e+02 3.66577881e+02 2.86579742e+02
    2.18642487e+02 2.87402039e+02 1.30756580e+03 1.56915512e+02
    1.18130750e+03 1.57242188e+02 1.05393982e+03 1.56782608e+02
    9.22785339e+02 1.56312714e+02 7.89523315e+02 1.55013535e+02
    6.52963745e+02 1.53589188e+02 5.11474487e+02 1.52294983e+02
    3.70009491e+02 1.50728134e+02 2.25390121e+02 1.50601151e+02
    1.63664075e+03 8.62429138e+02 1.48025415e+03 8.58494202e+02
    1.32058740e+03 8.53770325e+02 1.15770117e+03 8.48423828e+02
    9.92558838e+02 8.43387329e+02 8.25275146e+02 8.39319580e+02
    6.51379089e+02 8.35389709e+02 4.77492859e+02 8.30973083e+02
    2.98072510e+02 8.26130371e+02 1.60072620e+03 7.05767212e+02
    1.45312659e+03 6.99593018e+02 1.30245520e+03 6.93609436e+02
    1.14829016e+03 6.87706238e+02 9.94286377e+02 6.81652100e+02
